[gd_scene load_steps=4 format=2]

[ext_resource path="res://Assets/PlayerCharacter.tscn" type="PackedScene" id=1]
[ext_resource path="res://assets/colliderSquareBig.tscn" type="PackedScene" id=2]
[ext_resource path="res://default_env.tres" type="Environment" id=3]

[node name="Spatial" type="Spatial"]

[node name="KinematicBody" parent="." instance=ExtResource( 1 )]

[node name="StaticBody" type="StaticBody" parent="."]

[node name="collSquare" parent="StaticBody" instance=ExtResource( 2 )]

[node name="collSquare1" parent="StaticBody" instance=ExtResource( 2 )]
transform = Transform( 0.583975, -0.216459, -0.78238, 0.347558, 0.937659, 0, 0.733605, -0.271922, 0.622801, 24.2076, 2.70367, 20.3877 )

[node name="collSquare2" parent="StaticBody" instance=ExtResource( 2 )]
transform = Transform( 0.797987, -0.138152, -0.586627, 0.170588, 0.985342, 0, 0.578028, -0.100071, 0.809857, 2.48463, -0.5, 25.42 )

[node name="WorldEnvironment" type="WorldEnvironment" parent="."]
environment = ExtResource( 3 )

[node name="DirectionalLight" type="DirectionalLight" parent="WorldEnvironment"]
transform = Transform( -0.433722, 0.516819, 0.738094, 0, -0.819152, 0.573576, 0.901047, 0.248773, 0.355284, 0, 7.74575, 0 )
light_color = Color( 0.8, 0.8, 0.8, 1 )
light_energy = 0.8
shadow_enabled = true
shadow_color = Color( 0.28, 0.28, 0.28, 1 )
directional_shadow_split_1 = 0.075
directional_shadow_split_2 = 0.15
directional_shadow_split_3 = 0.3
directional_shadow_blend_splits = true
directional_shadow_normal_bias = 1.0
directional_shadow_bias_split_scale = 0.188
